1259|406944
4555|725662
4755|725662
1103|725662
768|725662
1050|725662
